# Created by Octave 6.2.0, Fri May 13 13:16:21 2022 UTC <www-data@84353c258133>
# name: ans
# type: scalar
2


