# Created by Octave 6.2.0, Tue May 17 08:36:45 2022 UTC <www-data@83305045d52c>
# name: y
# type: scalar
9999


